       483 |        451 |        483 |        451 |          0 |          0 |          0 | 
     65509 |          0 |      65509 |          0 |          0 |          0 |          0 | 
        49 |         33 |         49 |         33 |          0 |          0 |          0 | 
        50 |         64 |         50 |         64 |          0 |          0 |          0 | 
        51 |         35 |         51 |         35 |          0 |          0 |          0 | 
        52 |         36 |         52 |         36 |          0 |          0 |          0 | 
        53 |         37 |         53 |         37 |          0 |          0 |          0 | 
        54 |         94 |         54 |         94 |          0 |          0 |          0 | 
        55 |         38 |         55 |         38 |          0 |          0 |          0 | 
        56 |         42 |         56 |         42 |          0 |          0 |          0 | 
        57 |         40 |         57 |         40 |          0 |          0 |          0 | 
        48 |         41 |         48 |         41 |          0 |          0 |          0 | 
        45 |         95 |         45 |         95 |          0 |          0 |          0 | 
        61 |         43 |         61 |         43 |          0 |          0 |          0 | 
     65288 |      65288 |      65288 |      65288 |          0 |          0 |          0 | 
     65289 |      65056 |      65289 |      65056 |          0 |          0 |          0 | 
       113 |         81 |        113 |         81 |          0 |          0 |          0 | 
       119 |         87 |        119 |         87 |          0 |          0 |          0 | 
       101 |         69 |        101 |         69 |          0 |          0 |          0 | 
       114 |         82 |        114 |         82 |          0 |          0 |          0 | 
       116 |         84 |        116 |         84 |          0 |          0 |          0 | 
       121 |         89 |        121 |         89 |          0 |          0 |          0 | 
       117 |         85 |        117 |         85 |          0 |          0 |          0 | 
       105 |         73 |        105 |         73 |          0 |          0 |          0 | 
       111 |         79 |        111 |         79 |          0 |          0 |          0 | 
       112 |         80 |        112 |         80 |          0 |          0 |          0 | 
        91 |        123 |         91 |        123 |          0 |          0 |          0 | 
        93 |        125 |         93 |        125 |          0 |          0 |          0 | 
     65293 |          0 |      65293 |          0 |          0 |          0 |          0 | 
     65507 |          0 |      65507 |          0 |          0 |          0 |          0 | 
        97 |         65 |         97 |         65 |          0 |          0 |          0 | 
       115 |         83 |        115 |         83 |          0 |          0 |          0 | 
       100 |         68 |        100 |         68 |          0 |          0 |          0 | 
       102 |         70 |        102 |         70 |          0 |          0 |          0 | 
       103 |         71 |        103 |         71 |          0 |          0 |          0 | 
       104 |         72 |        104 |         72 |          0 |          0 |          0 | 
       106 |         74 |        106 |         74 |          0 |          0 |          0 | 
       107 |         75 |        107 |         75 |          0 |          0 |          0 | 
       108 |         76 |        108 |         76 |          0 |          0 |          0 | 
        59 |         58 |         59 |         58 |          0 |          0 |          0 | 
        39 |         34 |         39 |         34 |          0 |          0 |          0 | 
        96 |        126 |         96 |        126 |          0 |          0 |          0 | 
     65505 |          0 |      65505 |          0 |          0 |          0 |          0 | 
        92 |        124 |         92 |        124 |          0 |          0 |          0 | 
       122 |         90 |        122 |         90 |          0 |          0 |          0 | 
       120 |         88 |        120 |         88 |          0 |          0 |          0 | 
        99 |         67 |         99 |         67 |          0 |          0 |          0 | 
       118 |         86 |        118 |         86 |          0 |          0 |          0 | 
        98 |         66 |         98 |         66 |          0 |          0 |          0 | 
       110 |         78 |        110 |         78 |          0 |          0 |          0 | 
       109 |         77 |        109 |         77 |          0 |          0 |          0 | 
        44 |         60 |         44 |         60 |          0 |          0 |          0 | 
        46 |         62 |         46 |         62 |          0 |          0 |          0 | 
        47 |         63 |         47 |         63 |          0 |          0 |          0 | 
     65506 |          0 |      65506 |          0 |          0 |          0 |          0 | 
     65450 |      65450 |      65450 |      65450 |      65450 |      65450 |  269024801 | 
     65513 |      65511 |      65513 |      65511 |          0 |          0 |          0 | 
        32 |          0 |         32 |          0 |          0 |          0 |          0 | 
     65307 |          0 |      65307 |          0 |          0 |          0 |          0 | 
     65470 |      65470 |      65470 |      65470 |      65470 |      65470 |  269024769 | 
     65471 |      65471 |      65471 |      65471 |      65471 |      65471 |  269024770 | 
     65472 |      65472 |      65472 |      65472 |      65472 |      65472 |  269024771 | 
     65473 |      65473 |      65473 |      65473 |      65473 |      65473 |  269024772 | 
     65474 |      65474 |      65474 |      65474 |      65474 |      65474 |  269024773 | 
     65475 |      65475 |      65475 |      65475 |      65475 |      65475 |  269024774 | 
     65476 |      65476 |      65476 |      65476 |      65476 |      65476 |  269024775 | 
     65477 |      65477 |      65477 |      65477 |      65477 |      65477 |  269024776 | 
     65478 |      65478 |      65478 |      65478 |      65478 |      65478 |  269024777 | 
     65479 |      65479 |      65479 |      65479 |      65479 |      65479 |  269024778 | 
     65407 |          0 |      65407 |          0 |          0 |          0 |          0 | 
     65300 |          0 |      65300 |          0 |          0 |          0 |          0 | 
     65429 |      65463 |      65429 |      65463 |          0 |          0 |          0 | 
     65431 |      65464 |      65431 |      65464 |          0 |          0 |          0 | 
     65434 |      65465 |      65434 |      65465 |          0 |          0 |          0 | 
     65453 |      65453 |      65453 |      65453 |      65453 |      65453 |  269024803 | 
     65430 |      65460 |      65430 |      65460 |          0 |          0 |          0 | 
     65437 |      65461 |      65437 |      65461 |          0 |          0 |          0 | 
     65432 |      65462 |      65432 |      65462 |          0 |          0 |          0 | 
     65451 |      65451 |      65451 |      65451 |      65451 |      65451 |  269024802 | 
     65436 |      65457 |      65436 |      65457 |          0 |          0 |          0 | 
     65433 |      65458 |      65433 |      65458 |          0 |          0 |          0 | 
     65435 |      65459 |      65435 |      65459 |          0 |          0 |          0 | 
     65438 |      65456 |      65438 |      65456 |          0 |          0 |          0 | 
     65439 |      65454 |      65439 |      65454 |          0 |          0 |          0 | 
     65027 |          0 |      65027 |          0 |          0 |          0 |          0 | 
       442 |        426 |        442 |        426 |          0 |          0 |          0 | 
        60 |         62 |         60 |         62 |        124 |        166 |        124 | 
     65480 |      65480 |      65480 |      65480 |      65480 |      65480 |  269024779 | 
     65481 |      65481 |      65481 |      65481 |      65481 |      65481 |  269024780 | 
         0 |          0 |          0 |          0 |          0 |          0 |          0 | 
     65318 |          0 |      65318 |          0 |          0 |          0 |          0 | 
     65317 |          0 |      65317 |          0 |          0 |          0 |          0 | 
     65315 |          0 |      65315 |          0 |          0 |          0 |          0 | 
     65319 |          0 |      65319 |          0 |          0 |          0 |          0 | 
     65314 |          0 |      65314 |          0 |          0 |          0 |          0 | 
         0 |          0 |          0 |          0 |          0 |          0 |          0 | 
     65421 |          0 |      65421 |          0 |          0 |          0 |          0 | 
     65508 |          0 |      65508 |          0 |          0 |          0 |          0 | 
     65455 |      65455 |      65455 |      65455 |      65455 |      65455 |  269024800 | 
     65377 |      65301 |      65377 |      65301 |          0 |          0 |          0 | 
     65514 |      65512 |      65514 |      65512 |          0 |          0 |          0 | 
     65290 |          0 |      65290 |          0 |          0 |          0 |          0 | 
     65360 |          0 |      65360 |          0 |          0 |          0 |          0 | 
     65362 |          0 |      65362 |          0 |          0 |          0 |          0 | 
     65365 |          0 |      65365 |          0 |          0 |          0 |          0 | 
     65361 |          0 |      65361 |          0 |          0 |          0 |          0 | 
     65363 |          0 |      65363 |          0 |          0 |          0 |          0 | 
     65367 |          0 |      65367 |          0 |          0 |          0 |          0 | 
     65364 |          0 |      65364 |          0 |          0 |          0 |          0 | 
     65366 |          0 |      65366 |          0 |          0 |          0 |          0 | 
     65379 |          0 |      65379 |          0 |          0 |          0 |          0 | 
     65535 |          0 |      65535 |          0 |          0 |          0 |          0 | 
         0 |          0 |          0 |          0 |          0 |          0 |          0 | 
 269025042 |          0 |  269025042 |          0 |          0 |          0 |          0 | 
 269025041 |          0 |  269025041 |          0 |          0 |          0 |          0 | 
 269025043 |          0 |  269025043 |          0 |          0 |          0 |          0 | 
 269025066 |          0 |  269025066 |          0 |          0 |          0 |          0 | 
     65469 |          0 |      65469 |          0 |          0 |          0 |          0 | 
       177 |          0 |        177 |          0 |          0 |          0 |          0 | 
     65299 |      65387 |      65299 |      65387 |          0 |          0 |          0 | 
 269025098 |          0 |  269025098 |          0 |          0 |          0 |          0 | 
     65454 |      65454 |      65454 |      65454 |          0 |          0 |          0 | 
     65329 |          0 |      65329 |          0 |          0 |          0 |          0 | 
     65332 |          0 |      65332 |          0 |          0 |          0 |          0 | 
         0 |          0 |          0 |          0 |          0 |          0 |          0 | 
     65515 |          0 |      65515 |          0 |          0 |          0 |          0 | 
     65516 |          0 |      65516 |          0 |          0 |          0 |          0 | 
     65383 |          0 |      65383 |          0 |          0 |          0 |          0 | 
     65385 |          0 |      65385 |          0 |          0 |          0 |          0 | 
     65382 |          0 |      65382 |          0 |          0 |          0 |          0 | 
 268828528 |          0 |  268828528 |          0 |          0 |          0 |          0 | 
     65381 |          0 |      65381 |          0 |          0 |          0 |          0 | 
 268828529 |          0 |  268828529 |          0 |          0 |          0 |          0 | 
 269025111 |          0 |  269025111 |          0 |          0 |          0 |          0 | 
 269025131 |          0 |  269025131 |          0 |          0 |          0 |          0 | 
 269025133 |          0 |  269025133 |          0 |          0 |          0 |          0 | 
     65384 |          0 |      65384 |          0 |          0 |          0 |          0 | 
 269025112 |          0 |  269025112 |          0 |          0 |          0 |          0 | 
     65386 |          0 |      65386 |          0 |          0 |          0 |          0 | 
 269025125 |          0 |  269025125 |          0 |          0 |          0 |          0 | 
 269025053 |          0 |  269025053 |          0 |          0 |          0 |          0 | 
         0 |          0 |          0 |          0 |          0 |          0 |          0 | 
 269025071 |          0 |  269025071 |          0 |          0 |          0 |          0 | 
 269025067 |          0 |  269025067 |          0 |          0 |          0 |          0 | 
 269025117 |          0 |  269025117 |          0 |          0 |          0 |          0 | 
 269025147 |          0 |  269025147 |          0 |          0 |          0 |          0 | 
         0 |          0 |          0 |          0 |          0 |          0 |          0 | 
 269025162 |          0 |  269025162 |          0 |          0 |          0 |          0 | 
 269025089 |          0 |  269025089 |          0 |          0 |          0 |          0 | 
 269025090 |          0 |  269025090 |          0 |          0 |          0 |          0 | 
 269025070 |          0 |  269025070 |          0 |          0 |          0 |          0 | 
 269025114 |          0 |  269025114 |          0 |          0 |          0 |          0 | 
 269025069 |          0 |  269025069 |          0 |          0 |          0 |          0 | 
 269025140 |          0 |  269025140 |          0 |          0 |          0 |          0 | 
 269025151 |          0 |  269025151 |          0 |          0 |          0 |          0 | 
 269025049 |          0 |  269025049 |          0 |          0 |          0 |          0 | 
 269025072 |          0 |  269025072 |          0 |          0 |          0 |          0 | 
 269025075 |          0 |  269025075 |          0 |          0 |          0 |          0 | 
 269025062 |          0 |  269025062 |          0 |          0 |          0 |          0 | 
 269025063 |          0 |  269025063 |          0 |          0 |          0 |          0 | 
         0 |          0 |          0 |          0 |          0 |          0 |          0 | 
 269025068 |          0 |  269025068 |          0 |          0 |          0 |          0 | 
 269025068 |          0 |  269025068 |          0 |          0 |          0 |          0 | 
 269025047 |          0 |  269025047 |          0 |          0 |          0 |          0 | 
 269025044 |  269025073 |  269025044 |  269025073 |          0 |          0 |          0 | 
 269025046 |          0 |  269025046 |          0 |          0 |          0 |          0 | 
 269025045 |  269025068 |  269025045 |  269025068 |          0 |          0 |          0 | 
 269025052 |          0 |  269025052 |          0 |          0 |          0 |          0 | 
 269025086 |          0 |  269025086 |          0 |          0 |          0 |          0 | 
 269025134 |          0 |  269025134 |          0 |          0 |          0 |          0 | 
         0 |          0 |          0 |          0 |          0 |          0 |          0 | 
 269025153 |          0 |  269025153 |          0 |          0 |          0 |          0 | 
 269025048 |          0 |  269025048 |          0 |          0 |          0 |          0 | 
 269025139 |          0 |  269025139 |          0 |          0 |          0 |          0 | 
 269025110 |          0 |  269025110 |          0 |          0 |          0 |          0 | 
         0 |          0 |          0 |          0 |          0 |          0 |          0 | 
         0 |          0 |          0 |          0 |          0 |          0 |          0 | 
 269025144 |          0 |  269025144 |          0 |          0 |          0 |          0 | 
 269025145 |          0 |  269025145 |          0 |          0 |          0 |          0 | 
        40 |          0 |         40 |          0 |          0 |          0 |          0 | 
        41 |          0 |         41 |          0 |          0 |          0 |          0 | 
 269025128 |          0 |  269025128 |          0 |          0 |          0 |          0 | 
     65382 |          0 |      65382 |          0 |          0 |          0 |          0 | 
 269025153 |          0 |  269025153 |          0 |          0 |          0 |          0 | 
 269025093 |          0 |  269025093 |          0 |          0 |          0 |          0 | 
 269025094 |          0 |  269025094 |          0 |          0 |          0 |          0 | 
 269025095 |          0 |  269025095 |          0 |          0 |          0 |          0 | 
 269025096 |          0 |  269025096 |          0 |          0 |          0 |          0 | 
 269025097 |          0 |  269025097 |          0 |          0 |          0 |          0 | 
         0 |          0 |          0 |          0 |          0 |          0 |          0 | 
 269025202 |          0 |  269025202 |          0 |          0 |          0 |          0 | 
 269025193 |          0 |  269025193 |          0 |          0 |          0 |          0 | 
 269025200 |          0 |  269025200 |          0 |          0 |          0 |          0 | 
 269025201 |          0 |  269025201 |          0 |          0 |          0 |          0 | 
         0 |          0 |          0 |          0 |          0 |          0 |          0 | 
     65406 |          0 |      65406 |          0 |          0 |          0 |          0 | 
         0 |      65513 |          0 |      65513 |          0 |          0 |          0 | 
         0 |      65511 |          0 |      65511 |          0 |          0 |          0 | 
         0 |      65515 |          0 |      65515 |          0 |          0 |          0 | 
         0 |      65517 |          0 |      65517 |          0 |          0 |          0 | 
 269025044 |          0 |  269025044 |          0 |          0 |          0 |          0 | 
 269025073 |          0 |  269025073 |          0 |          0 |          0 |          0 | 
 269025091 |          0 |  269025091 |          0 |          0 |          0 |          0 | 
 269025092 |          0 |  269025092 |          0 |          0 |          0 |          0 | 
 269025099 |          0 |  269025099 |          0 |          0 |          0 |          0 | 
 269025191 |          0 |  269025191 |          0 |          0 |          0 |          0 | 
 269025110 |          0 |  269025110 |          0 |          0 |          0 |          0 | 
 269025044 |          0 |  269025044 |          0 |          0 |          0 |          0 | 
 269025175 |          0 |  269025175 |          0 |          0 |          0 |          0 | 
         0 |          0 |          0 |          0 |          0 |          0 |          0 | 
     65377 |          0 |      65377 |          0 |          0 |          0 |          0 | 
         0 |          0 |          0 |          0 |          0 |          0 |          0 | 
 269025167 |          0 |  269025167 |          0 |          0 |          0 |          0 | 
 269025206 |          0 |  269025206 |          0 |          0 |          0 |          0 | 
         0 |          0 |          0 |          0 |          0 |          0 |          0 | 
 269025049 |          0 |  269025049 |          0 |          0 |          0 |          0 | 
 269025166 |          0 |  269025166 |          0 |          0 |          0 |          0 | 
 269025051 |          0 |  269025051 |          0 |          0 |          0 |          0 | 
 269025119 |          0 |  269025119 |          0 |          0 |          0 |          0 | 
 269025084 |          0 |  269025084 |          0 |          0 |          0 |          0 | 
 269025118 |          0 |  269025118 |          0 |          0 |          0 |          0 | 
 269025078 |          0 |  269025078 |          0 |          0 |          0 |          0 | 
         0 |          0 |          0 |          0 |          0 |          0 |          0 | 
     65385 |          0 |      65385 |          0 |          0 |          0 |          0 | 
 269025027 |          0 |  269025027 |          0 |          0 |          0 |          0 | 
 269025026 |          0 |  269025026 |          0 |          0 |          0 |          0 | 
 269025074 |          0 |  269025074 |          0 |          0 |          0 |          0 | 
 269025113 |          0 |  269025113 |          0 |          0 |          0 |          0 | 
 269025028 |          0 |  269025028 |          0 |          0 |          0 |          0 | 
 269025030 |          0 |  269025030 |          0 |          0 |          0 |          0 | 
 269025029 |          0 |  269025029 |          0 |          0 |          0 |          0 | 
 269025147 |          0 |  269025147 |          0 |          0 |          0 |          0 | 
 269025138 |          0 |  269025138 |          0 |          0 |          0 |          0 | 
 269025168 |          0 |  269025168 |          0 |          0 |          0 |          0 | 
 269025143 |          0 |  269025143 |          0 |          0 |          0 |          0 | 
 269025115 |          0 |  269025115 |          0 |          0 |          0 |          0 | 
 269025171 |          0 |  269025171 |          0 |          0 |          0 |          0 | 
 269025172 |          0 |  269025172 |          0 |          0 |          0 |          0 | 
 269025173 |          0 |  269025173 |          0 |          0 |          0 |          0 | 
 269025174 |          0 |  269025174 |          0 |          0 |          0 |          0 | 
         0 |          0 |          0 |          0 |          0 |          0 |          0 | 
 269024802 |          0 |  269024802 |          0 |          0 |          0 |          0 | 
 269024803 |          0 |  269024803 |          0 |          0 |          0 |          0 | 
 269025031 |          0 |  269025031 |          0 |          0 |          0 |          0 | 
 268964084 |          0 |  268964084 |          0 |          0 |          0 |          0 | 
 268964085 |          0 |  268964085 |          0 |          0 |          0 |          0 | 
 269025204 |          0 |  269025204 |          0 |          0 |          0 |          0 | 
